1872.621116 0
0 29 89 149 209 183 123 63 3 0
0 99 159 219 278 303 243 269 218 158 98 38 0
0 204 263 264 323 382 383 324 246 259 186 199 0
0 409 410 411 370 416 310 351 350 290 230 0
0 28 33 88 93 148 122 62 81 30 2 0
0 52 57 58 118 178 237 292 245 185 165 105 0
0 39 8 95 68 155 214 154 94 34 0
0 53 14 113 173 74 75 11 177 232 172 117 112 5 0
0 317 372 377 378 379 366 384 306 319 318 258 0
0 12 17 77 132 120 192 137 78 6 83 82 13 0
0 54 114 234 285 305 365 405 354 345 294 235 175 0
0 297 358 359 311 376 371 419 418 417 412 357 352 0
0 104 164 169 224 244 304 404 349 344 289 284 229 170 0
0 102 103 69 163 222 281 336 276 221 216 161 156 101 96 36 0
0 35 128 188 280 339 398 363 389 338 329 0
0 55 56 116 176 130 171 70 111 110 109 49 44 0
0 314 413 360 374 375 316 251 299 298 239 238 0
0 21 141 182 201 150 151 92 7 91 32 31 0
0 20 25 80 85 140 145 200 181 121 61 0
0 152 272 332 307 387 367 392 391 390 331 271 0
0 231 190 291 250 356 415 414 355 296 295 236 0
0 226 277 286 337 346 397 364 406 347 287 228 227 168 48 0
0 215 275 335 308 400 368 395 394 393 388 333 328 268 0
0 205 265 266 326 327 386 385 361 373 322 313 262 202 142 0
0 84 143 139 198 257 312 300 240 252 197 138 0
0 420 60 72 18 19 24 23 22 1 0
0 40 100 160 220 279 399 340 248 334 274 273 213 153 0
0 37 46 47 106 107 167 108 9 43 42 41 0
0 45 65 125 225 174 115 10 51 50 0
0 4 64 124 184 217 166 157 97 0
0 27 87 67 147 127 207 206 146 86 26 0
0 15 76 71 136 195 254 353 293 194 180 233 134 0
0 129 189 283 249 342 282 223 162 0
0 90 210 261 270 321 330 381 362 302 242 208 0
0 16 135 255 315 256 191 196 131 179 119 59 0
0 341 396 401 402 343 309 403 369 408 407 348 288 0
0 211 212 187 247 267 325 380 301 320 260 0
0 73 133 193 241 253 203 126 144 66 79 0
0 0
0 0
0 0
