1354.449788 0
0 149 179 130 165 55 25 170 67 23 186 56 197 198 0
0 62 11 175 107 19 123 168 47 124 48 82 0
0 156 89 166 118 60 18 153 106 194 7 182 127 0
0 26 110 4 155 139 187 39 72 21 180 105 0
0 99 93 85 91 193 100 98 37 97 117 58 152 53 0
0 13 87 144 57 145 41 22 133 75 74 171 73 40 0
0 76 196 102 50 176 132 69 162 31 190 146 0
0 83 199 114 8 174 46 36 143 49 64 126 159 148 88 52 0
0 157 33 185 81 78 34 164 135 35 136 65 71 51 1 0
0 120 9 161 103 66 188 20 128 160 70 0
0 27 101 122 30 131 32 181 63 90 108 189 10 167 0
0 147 6 96 104 59 92 151 95 94 183 112 0
0 195 109 54 134 163 24 29 121 169 129 79 3 158 111 0
0 2 115 178 15 43 14 192 119 44 191 141 16 61 173 0
0 154 138 12 177 150 80 68 77 116 184 28 0
0 137 172 42 142 38 140 86 113 17 45 125 84 5 0
